start=887.400000
pause=yes
volume=65.000000
